image_width: 640
image_height: 480
camera_name: narrow_stereo
camera_matrix:
  rows: 3
  cols: 3
  data: [393.329696, 0, 312.655092, 0, 525.618726, 228.971815, 0, 0, 1]
distortion_model: plumb_bob
distortion_coefficients:
  rows: 1
  cols: 5
  data: [-0.120466, 0.102554, -0.004653, -0.004645, 0]
rectification_matrix:
  rows: 3
  cols: 3
  data: [1, 0, 0, 0, 1, 0, 0, 0, 1]
projection_matrix:
  rows: 3
  cols: 4
  data: [383.901337, 0, 308.983876, 0, 0, 514.070374, 225.820192, 0, 0, 0, 1, 0]